{
 "cells": [
  {
   "cell_type": "code",
   "execution_count": 1,
   "metadata": {
    "_cell_guid": "b1076dfc-b9ad-4769-8c92-a6c4dae69d19",
    "_uuid": "8f2839f25d086af736a60e9eeb907d3b93b6e0e5",
    "execution": {
     "iopub.execute_input": "2021-01-25T09:12:50.831365Z",
     "iopub.status.busy": "2021-01-25T09:12:50.830657Z",
     "iopub.status.idle": "2021-01-25T09:12:50.839043Z",
     "shell.execute_reply": "2021-01-25T09:12:50.838366Z"
    },
    "papermill": {
     "duration": 0.026665,
     "end_time": "2021-01-25T09:12:50.839152",
     "exception": false,
     "start_time": "2021-01-25T09:12:50.812487",
     "status": "completed"
    },
    "tags": []
   },
   "outputs": [
    {
     "name": "stdout",
     "output_type": "stream",
     "text": [
      "/kaggle/input/tabular-playground-series-jan-2021/sample_submission.csv\n",
      "/kaggle/input/tabular-playground-series-jan-2021/train.csv\n",
      "/kaggle/input/tabular-playground-series-jan-2021/test.csv\n"
     ]
    }
   ],
   "source": [
    "# This Python 3 environment comes with many helpful analytics libraries installed\n",
    "# It is defined by the kaggle/python Docker image: https://github.com/kaggle/docker-python\n",
    "# For example, here's several helpful packages to load\n",
    "\n",
    "import numpy as np # linear algebra\n",
    "import pandas as pd # data processing, CSV file I/O (e.g. pd.read_csv)\n",
    "\n",
    "# Input data files are available in the read-only \"../input/\" directory\n",
    "# For example, running this (by clicking run or pressing Shift+Enter) will list all files under the input directory\n",
    "\n",
    "import os\n",
    "for dirname, _, filenames in os.walk('/kaggle/input'):\n",
    "    for filename in filenames:\n",
    "        print(os.path.join(dirname, filename))\n",
    "\n",
    "# You can write up to 20GB to the current directory (/kaggle/working/) that gets preserved as output when you create a version using \"Save & Run All\" \n",
    "# You can also write temporary files to /kaggle/temp/, but they won't be saved outside of the current session"
   ]
  },
  {
   "cell_type": "code",
   "execution_count": 2,
   "metadata": {
    "execution": {
     "iopub.execute_input": "2021-01-25T09:12:50.872877Z",
     "iopub.status.busy": "2021-01-25T09:12:50.872240Z",
     "iopub.status.idle": "2021-01-25T09:12:53.468183Z",
     "shell.execute_reply": "2021-01-25T09:12:53.468716Z"
    },
    "papermill": {
     "duration": 2.615678,
     "end_time": "2021-01-25T09:12:53.468862",
     "exception": false,
     "start_time": "2021-01-25T09:12:50.853184",
     "status": "completed"
    },
    "tags": []
   },
   "outputs": [],
   "source": [
    "train = pd.read_csv('/kaggle/input/tabular-playground-series-jan-2021/train.csv')"
   ]
  },
  {
   "cell_type": "code",
   "execution_count": 3,
   "metadata": {
    "execution": {
     "iopub.execute_input": "2021-01-25T09:12:53.503386Z",
     "iopub.status.busy": "2021-01-25T09:12:53.502745Z",
     "iopub.status.idle": "2021-01-25T09:12:54.754623Z",
     "shell.execute_reply": "2021-01-25T09:12:54.755291Z"
    },
    "papermill": {
     "duration": 1.272236,
     "end_time": "2021-01-25T09:12:54.755449",
     "exception": false,
     "start_time": "2021-01-25T09:12:53.483213",
     "status": "completed"
    },
    "tags": []
   },
   "outputs": [],
   "source": [
    "test = pd.read_csv('/kaggle/input/tabular-playground-series-jan-2021/test.csv')"
   ]
  },
  {
   "cell_type": "code",
   "execution_count": 4,
   "metadata": {
    "execution": {
     "iopub.execute_input": "2021-01-25T09:12:54.786631Z",
     "iopub.status.busy": "2021-01-25T09:12:54.785958Z",
     "iopub.status.idle": "2021-01-25T09:12:54.794190Z",
     "shell.execute_reply": "2021-01-25T09:12:54.793260Z"
    },
    "papermill": {
     "duration": 0.0248,
     "end_time": "2021-01-25T09:12:54.794332",
     "exception": false,
     "start_time": "2021-01-25T09:12:54.769532",
     "status": "completed"
    },
    "tags": []
   },
   "outputs": [
    {
     "data": {
      "text/plain": [
       "(300000, 16)"
      ]
     },
     "execution_count": 4,
     "metadata": {},
     "output_type": "execute_result"
    }
   ],
   "source": [
    "train.shape"
   ]
  },
  {
   "cell_type": "code",
   "execution_count": 5,
   "metadata": {
    "execution": {
     "iopub.execute_input": "2021-01-25T09:12:54.852176Z",
     "iopub.status.busy": "2021-01-25T09:12:54.846855Z",
     "iopub.status.idle": "2021-01-25T09:12:54.882109Z",
     "shell.execute_reply": "2021-01-25T09:12:54.881401Z"
    },
    "papermill": {
     "duration": 0.066841,
     "end_time": "2021-01-25T09:12:54.882244",
     "exception": false,
     "start_time": "2021-01-25T09:12:54.815403",
     "status": "completed"
    },
    "tags": []
   },
   "outputs": [
    {
     "data": {
      "text/html": [
       "<div>\n",
       "<style scoped>\n",
       "    .dataframe tbody tr th:only-of-type {\n",
       "        vertical-align: middle;\n",
       "    }\n",
       "\n",
       "    .dataframe tbody tr th {\n",
       "        vertical-align: top;\n",
       "    }\n",
       "\n",
       "    .dataframe thead th {\n",
       "        text-align: right;\n",
       "    }\n",
       "</style>\n",
       "<table border=\"1\" class=\"dataframe\">\n",
       "  <thead>\n",
       "    <tr style=\"text-align: right;\">\n",
       "      <th></th>\n",
       "      <th>id</th>\n",
       "      <th>cont1</th>\n",
       "      <th>cont2</th>\n",
       "      <th>cont3</th>\n",
       "      <th>cont4</th>\n",
       "      <th>cont5</th>\n",
       "      <th>cont6</th>\n",
       "      <th>cont7</th>\n",
       "      <th>cont8</th>\n",
       "      <th>cont9</th>\n",
       "      <th>cont10</th>\n",
       "      <th>cont11</th>\n",
       "      <th>cont12</th>\n",
       "      <th>cont13</th>\n",
       "      <th>cont14</th>\n",
       "      <th>target</th>\n",
       "    </tr>\n",
       "  </thead>\n",
       "  <tbody>\n",
       "    <tr>\n",
       "      <th>0</th>\n",
       "      <td>1</td>\n",
       "      <td>0.670390</td>\n",
       "      <td>0.811300</td>\n",
       "      <td>0.643968</td>\n",
       "      <td>0.291791</td>\n",
       "      <td>0.284117</td>\n",
       "      <td>0.855953</td>\n",
       "      <td>0.890700</td>\n",
       "      <td>0.285542</td>\n",
       "      <td>0.558245</td>\n",
       "      <td>0.779418</td>\n",
       "      <td>0.921832</td>\n",
       "      <td>0.866772</td>\n",
       "      <td>0.878733</td>\n",
       "      <td>0.305411</td>\n",
       "      <td>7.243043</td>\n",
       "    </tr>\n",
       "    <tr>\n",
       "      <th>1</th>\n",
       "      <td>3</td>\n",
       "      <td>0.388053</td>\n",
       "      <td>0.621104</td>\n",
       "      <td>0.686102</td>\n",
       "      <td>0.501149</td>\n",
       "      <td>0.643790</td>\n",
       "      <td>0.449805</td>\n",
       "      <td>0.510824</td>\n",
       "      <td>0.580748</td>\n",
       "      <td>0.418335</td>\n",
       "      <td>0.432632</td>\n",
       "      <td>0.439872</td>\n",
       "      <td>0.434971</td>\n",
       "      <td>0.369957</td>\n",
       "      <td>0.369484</td>\n",
       "      <td>8.203331</td>\n",
       "    </tr>\n",
       "    <tr>\n",
       "      <th>2</th>\n",
       "      <td>4</td>\n",
       "      <td>0.834950</td>\n",
       "      <td>0.227436</td>\n",
       "      <td>0.301584</td>\n",
       "      <td>0.293408</td>\n",
       "      <td>0.606839</td>\n",
       "      <td>0.829175</td>\n",
       "      <td>0.506143</td>\n",
       "      <td>0.558771</td>\n",
       "      <td>0.587603</td>\n",
       "      <td>0.823312</td>\n",
       "      <td>0.567007</td>\n",
       "      <td>0.677708</td>\n",
       "      <td>0.882938</td>\n",
       "      <td>0.303047</td>\n",
       "      <td>7.776091</td>\n",
       "    </tr>\n",
       "    <tr>\n",
       "      <th>3</th>\n",
       "      <td>5</td>\n",
       "      <td>0.820708</td>\n",
       "      <td>0.160155</td>\n",
       "      <td>0.546887</td>\n",
       "      <td>0.726104</td>\n",
       "      <td>0.282444</td>\n",
       "      <td>0.785108</td>\n",
       "      <td>0.752758</td>\n",
       "      <td>0.823267</td>\n",
       "      <td>0.574466</td>\n",
       "      <td>0.580843</td>\n",
       "      <td>0.769594</td>\n",
       "      <td>0.818143</td>\n",
       "      <td>0.914281</td>\n",
       "      <td>0.279528</td>\n",
       "      <td>6.957716</td>\n",
       "    </tr>\n",
       "    <tr>\n",
       "      <th>4</th>\n",
       "      <td>8</td>\n",
       "      <td>0.935278</td>\n",
       "      <td>0.421235</td>\n",
       "      <td>0.303801</td>\n",
       "      <td>0.880214</td>\n",
       "      <td>0.665610</td>\n",
       "      <td>0.830131</td>\n",
       "      <td>0.487113</td>\n",
       "      <td>0.604157</td>\n",
       "      <td>0.874658</td>\n",
       "      <td>0.863427</td>\n",
       "      <td>0.983575</td>\n",
       "      <td>0.900464</td>\n",
       "      <td>0.935918</td>\n",
       "      <td>0.435772</td>\n",
       "      <td>7.951046</td>\n",
       "    </tr>\n",
       "  </tbody>\n",
       "</table>\n",
       "</div>"
      ],
      "text/plain": [
       "   id     cont1     cont2     cont3     cont4     cont5     cont6     cont7  \\\n",
       "0   1  0.670390  0.811300  0.643968  0.291791  0.284117  0.855953  0.890700   \n",
       "1   3  0.388053  0.621104  0.686102  0.501149  0.643790  0.449805  0.510824   \n",
       "2   4  0.834950  0.227436  0.301584  0.293408  0.606839  0.829175  0.506143   \n",
       "3   5  0.820708  0.160155  0.546887  0.726104  0.282444  0.785108  0.752758   \n",
       "4   8  0.935278  0.421235  0.303801  0.880214  0.665610  0.830131  0.487113   \n",
       "\n",
       "      cont8     cont9    cont10    cont11    cont12    cont13    cont14  \\\n",
       "0  0.285542  0.558245  0.779418  0.921832  0.866772  0.878733  0.305411   \n",
       "1  0.580748  0.418335  0.432632  0.439872  0.434971  0.369957  0.369484   \n",
       "2  0.558771  0.587603  0.823312  0.567007  0.677708  0.882938  0.303047   \n",
       "3  0.823267  0.574466  0.580843  0.769594  0.818143  0.914281  0.279528   \n",
       "4  0.604157  0.874658  0.863427  0.983575  0.900464  0.935918  0.435772   \n",
       "\n",
       "     target  \n",
       "0  7.243043  \n",
       "1  8.203331  \n",
       "2  7.776091  \n",
       "3  6.957716  \n",
       "4  7.951046  "
      ]
     },
     "execution_count": 5,
     "metadata": {},
     "output_type": "execute_result"
    }
   ],
   "source": [
    "pd.set_option('display.max_columns', None)\n",
    "train.head()"
   ]
  },
  {
   "cell_type": "code",
   "execution_count": 6,
   "metadata": {
    "execution": {
     "iopub.execute_input": "2021-01-25T09:12:54.933094Z",
     "iopub.status.busy": "2021-01-25T09:12:54.931852Z",
     "iopub.status.idle": "2021-01-25T09:12:55.123598Z",
     "shell.execute_reply": "2021-01-25T09:12:55.122760Z"
    },
    "papermill": {
     "duration": 0.219233,
     "end_time": "2021-01-25T09:12:55.123757",
     "exception": false,
     "start_time": "2021-01-25T09:12:54.904524",
     "status": "completed"
    },
    "tags": []
   },
   "outputs": [
    {
     "data": {
      "text/html": [
       "<div>\n",
       "<style scoped>\n",
       "    .dataframe tbody tr th:only-of-type {\n",
       "        vertical-align: middle;\n",
       "    }\n",
       "\n",
       "    .dataframe tbody tr th {\n",
       "        vertical-align: top;\n",
       "    }\n",
       "\n",
       "    .dataframe thead th {\n",
       "        text-align: right;\n",
       "    }\n",
       "</style>\n",
       "<table border=\"1\" class=\"dataframe\">\n",
       "  <thead>\n",
       "    <tr style=\"text-align: right;\">\n",
       "      <th></th>\n",
       "      <th>id</th>\n",
       "      <th>cont1</th>\n",
       "      <th>cont2</th>\n",
       "      <th>cont3</th>\n",
       "      <th>cont4</th>\n",
       "      <th>cont5</th>\n",
       "      <th>cont6</th>\n",
       "      <th>cont7</th>\n",
       "      <th>cont8</th>\n",
       "      <th>cont9</th>\n",
       "      <th>cont10</th>\n",
       "      <th>cont11</th>\n",
       "      <th>cont12</th>\n",
       "      <th>cont13</th>\n",
       "      <th>cont14</th>\n",
       "      <th>target</th>\n",
       "    </tr>\n",
       "  </thead>\n",
       "  <tbody>\n",
       "    <tr>\n",
       "      <th>id</th>\n",
       "      <td>1.000000</td>\n",
       "      <td>-0.001454</td>\n",
       "      <td>0.000574</td>\n",
       "      <td>0.001609</td>\n",
       "      <td>0.002131</td>\n",
       "      <td>0.001959</td>\n",
       "      <td>-0.001971</td>\n",
       "      <td>-0.000155</td>\n",
       "      <td>0.002112</td>\n",
       "      <td>0.000030</td>\n",
       "      <td>-0.001652</td>\n",
       "      <td>-0.000484</td>\n",
       "      <td>-0.002075</td>\n",
       "      <td>-0.000577</td>\n",
       "      <td>0.001940</td>\n",
       "      <td>0.001347</td>\n",
       "    </tr>\n",
       "    <tr>\n",
       "      <th>cont1</th>\n",
       "      <td>-0.001454</td>\n",
       "      <td>1.000000</td>\n",
       "      <td>-0.080170</td>\n",
       "      <td>-0.419712</td>\n",
       "      <td>0.273705</td>\n",
       "      <td>-0.059012</td>\n",
       "      <td>0.698556</td>\n",
       "      <td>0.341478</td>\n",
       "      <td>0.373340</td>\n",
       "      <td>0.794003</td>\n",
       "      <td>0.725040</td>\n",
       "      <td>0.565717</td>\n",
       "      <td>0.600041</td>\n",
       "      <td>0.570382</td>\n",
       "      <td>0.067294</td>\n",
       "      <td>-0.032994</td>\n",
       "    </tr>\n",
       "    <tr>\n",
       "      <th>cont2</th>\n",
       "      <td>0.000574</td>\n",
       "      <td>-0.080170</td>\n",
       "      <td>1.000000</td>\n",
       "      <td>0.334487</td>\n",
       "      <td>-0.005533</td>\n",
       "      <td>0.150737</td>\n",
       "      <td>0.023692</td>\n",
       "      <td>0.116222</td>\n",
       "      <td>0.081049</td>\n",
       "      <td>-0.046769</td>\n",
       "      <td>0.035101</td>\n",
       "      <td>0.126024</td>\n",
       "      <td>0.092642</td>\n",
       "      <td>0.017383</td>\n",
       "      <td>0.023972</td>\n",
       "      <td>0.067102</td>\n",
       "    </tr>\n",
       "    <tr>\n",
       "      <th>cont3</th>\n",
       "      <td>0.001609</td>\n",
       "      <td>-0.419712</td>\n",
       "      <td>0.334487</td>\n",
       "      <td>1.000000</td>\n",
       "      <td>-0.329131</td>\n",
       "      <td>0.060931</td>\n",
       "      <td>-0.300509</td>\n",
       "      <td>0.106904</td>\n",
       "      <td>-0.309783</td>\n",
       "      <td>-0.406743</td>\n",
       "      <td>-0.289756</td>\n",
       "      <td>-0.075415</td>\n",
       "      <td>-0.103735</td>\n",
       "      <td>-0.386521</td>\n",
       "      <td>-0.065457</td>\n",
       "      <td>0.058936</td>\n",
       "    </tr>\n",
       "    <tr>\n",
       "      <th>cont4</th>\n",
       "      <td>0.002131</td>\n",
       "      <td>0.273705</td>\n",
       "      <td>-0.005533</td>\n",
       "      <td>-0.329131</td>\n",
       "      <td>1.000000</td>\n",
       "      <td>0.123526</td>\n",
       "      <td>0.152752</td>\n",
       "      <td>-0.077045</td>\n",
       "      <td>0.324784</td>\n",
       "      <td>0.261927</td>\n",
       "      <td>0.204139</td>\n",
       "      <td>0.063961</td>\n",
       "      <td>0.073291</td>\n",
       "      <td>0.155226</td>\n",
       "      <td>0.054703</td>\n",
       "      <td>0.005522</td>\n",
       "    </tr>\n",
       "    <tr>\n",
       "      <th>cont5</th>\n",
       "      <td>0.001959</td>\n",
       "      <td>-0.059012</td>\n",
       "      <td>0.150737</td>\n",
       "      <td>0.060931</td>\n",
       "      <td>0.123526</td>\n",
       "      <td>1.000000</td>\n",
       "      <td>-0.179084</td>\n",
       "      <td>-0.241272</td>\n",
       "      <td>0.010438</td>\n",
       "      <td>-0.071764</td>\n",
       "      <td>-0.102531</td>\n",
       "      <td>-0.222244</td>\n",
       "      <td>-0.192571</td>\n",
       "      <td>-0.140272</td>\n",
       "      <td>0.040552</td>\n",
       "      <td>-0.005358</td>\n",
       "    </tr>\n",
       "    <tr>\n",
       "      <th>cont6</th>\n",
       "      <td>-0.001971</td>\n",
       "      <td>0.698556</td>\n",
       "      <td>0.023692</td>\n",
       "      <td>-0.300509</td>\n",
       "      <td>0.152752</td>\n",
       "      <td>-0.179084</td>\n",
       "      <td>1.000000</td>\n",
       "      <td>0.541975</td>\n",
       "      <td>0.415008</td>\n",
       "      <td>0.716613</td>\n",
       "      <td>0.770628</td>\n",
       "      <td>0.737495</td>\n",
       "      <td>0.757105</td>\n",
       "      <td>0.783604</td>\n",
       "      <td>0.067007</td>\n",
       "      <td>0.027955</td>\n",
       "    </tr>\n",
       "    <tr>\n",
       "      <th>cont7</th>\n",
       "      <td>-0.000155</td>\n",
       "      <td>0.341478</td>\n",
       "      <td>0.116222</td>\n",
       "      <td>0.106904</td>\n",
       "      <td>-0.077045</td>\n",
       "      <td>-0.241272</td>\n",
       "      <td>0.541975</td>\n",
       "      <td>1.000000</td>\n",
       "      <td>0.150403</td>\n",
       "      <td>0.341759</td>\n",
       "      <td>0.465418</td>\n",
       "      <td>0.672188</td>\n",
       "      <td>0.657310</td>\n",
       "      <td>0.322415</td>\n",
       "      <td>-0.037135</td>\n",
       "      <td>0.067234</td>\n",
       "    </tr>\n",
       "    <tr>\n",
       "      <th>cont8</th>\n",
       "      <td>0.002112</td>\n",
       "      <td>0.373340</td>\n",
       "      <td>0.081049</td>\n",
       "      <td>-0.309783</td>\n",
       "      <td>0.324784</td>\n",
       "      <td>0.010438</td>\n",
       "      <td>0.415008</td>\n",
       "      <td>0.150403</td>\n",
       "      <td>1.000000</td>\n",
       "      <td>0.429986</td>\n",
       "      <td>0.362336</td>\n",
       "      <td>0.296598</td>\n",
       "      <td>0.323042</td>\n",
       "      <td>0.475072</td>\n",
       "      <td>0.100645</td>\n",
       "      <td>0.014698</td>\n",
       "    </tr>\n",
       "    <tr>\n",
       "      <th>cont9</th>\n",
       "      <td>0.000030</td>\n",
       "      <td>0.794003</td>\n",
       "      <td>-0.046769</td>\n",
       "      <td>-0.406743</td>\n",
       "      <td>0.261927</td>\n",
       "      <td>-0.071764</td>\n",
       "      <td>0.716613</td>\n",
       "      <td>0.341759</td>\n",
       "      <td>0.429986</td>\n",
       "      <td>1.000000</td>\n",
       "      <td>0.725053</td>\n",
       "      <td>0.575095</td>\n",
       "      <td>0.605091</td>\n",
       "      <td>0.628391</td>\n",
       "      <td>0.081992</td>\n",
       "      <td>-0.013029</td>\n",
       "    </tr>\n",
       "    <tr>\n",
       "      <th>cont10</th>\n",
       "      <td>-0.001652</td>\n",
       "      <td>0.725040</td>\n",
       "      <td>0.035101</td>\n",
       "      <td>-0.289756</td>\n",
       "      <td>0.204139</td>\n",
       "      <td>-0.102531</td>\n",
       "      <td>0.770628</td>\n",
       "      <td>0.465418</td>\n",
       "      <td>0.362336</td>\n",
       "      <td>0.725053</td>\n",
       "      <td>1.000000</td>\n",
       "      <td>0.677570</td>\n",
       "      <td>0.701872</td>\n",
       "      <td>0.650809</td>\n",
       "      <td>0.047727</td>\n",
       "      <td>-0.021143</td>\n",
       "    </tr>\n",
       "    <tr>\n",
       "      <th>cont11</th>\n",
       "      <td>-0.000484</td>\n",
       "      <td>0.565717</td>\n",
       "      <td>0.126024</td>\n",
       "      <td>-0.075415</td>\n",
       "      <td>0.063961</td>\n",
       "      <td>-0.222244</td>\n",
       "      <td>0.737495</td>\n",
       "      <td>0.672188</td>\n",
       "      <td>0.296598</td>\n",
       "      <td>0.575095</td>\n",
       "      <td>0.677570</td>\n",
       "      <td>1.000000</td>\n",
       "      <td>0.825869</td>\n",
       "      <td>0.558546</td>\n",
       "      <td>0.011074</td>\n",
       "      <td>0.050996</td>\n",
       "    </tr>\n",
       "    <tr>\n",
       "      <th>cont12</th>\n",
       "      <td>-0.002075</td>\n",
       "      <td>0.600041</td>\n",
       "      <td>0.092642</td>\n",
       "      <td>-0.103735</td>\n",
       "      <td>0.073291</td>\n",
       "      <td>-0.192571</td>\n",
       "      <td>0.757105</td>\n",
       "      <td>0.657310</td>\n",
       "      <td>0.323042</td>\n",
       "      <td>0.605091</td>\n",
       "      <td>0.701872</td>\n",
       "      <td>0.825869</td>\n",
       "      <td>1.000000</td>\n",
       "      <td>0.565462</td>\n",
       "      <td>0.022697</td>\n",
       "      <td>0.047809</td>\n",
       "    </tr>\n",
       "    <tr>\n",
       "      <th>cont13</th>\n",
       "      <td>-0.000577</td>\n",
       "      <td>0.570382</td>\n",
       "      <td>0.017383</td>\n",
       "      <td>-0.386521</td>\n",
       "      <td>0.155226</td>\n",
       "      <td>-0.140272</td>\n",
       "      <td>0.783604</td>\n",
       "      <td>0.322415</td>\n",
       "      <td>0.475072</td>\n",
       "      <td>0.628391</td>\n",
       "      <td>0.650809</td>\n",
       "      <td>0.558546</td>\n",
       "      <td>0.565462</td>\n",
       "      <td>1.000000</td>\n",
       "      <td>0.103839</td>\n",
       "      <td>-0.006642</td>\n",
       "    </tr>\n",
       "    <tr>\n",
       "      <th>cont14</th>\n",
       "      <td>0.001940</td>\n",
       "      <td>0.067294</td>\n",
       "      <td>0.023972</td>\n",
       "      <td>-0.065457</td>\n",
       "      <td>0.054703</td>\n",
       "      <td>0.040552</td>\n",
       "      <td>0.067007</td>\n",
       "      <td>-0.037135</td>\n",
       "      <td>0.100645</td>\n",
       "      <td>0.081992</td>\n",
       "      <td>0.047727</td>\n",
       "      <td>0.011074</td>\n",
       "      <td>0.022697</td>\n",
       "      <td>0.103839</td>\n",
       "      <td>1.000000</td>\n",
       "      <td>-0.006609</td>\n",
       "    </tr>\n",
       "    <tr>\n",
       "      <th>target</th>\n",
       "      <td>0.001347</td>\n",
       "      <td>-0.032994</td>\n",
       "      <td>0.067102</td>\n",
       "      <td>0.058936</td>\n",
       "      <td>0.005522</td>\n",
       "      <td>-0.005358</td>\n",
       "      <td>0.027955</td>\n",
       "      <td>0.067234</td>\n",
       "      <td>0.014698</td>\n",
       "      <td>-0.013029</td>\n",
       "      <td>-0.021143</td>\n",
       "      <td>0.050996</td>\n",
       "      <td>0.047809</td>\n",
       "      <td>-0.006642</td>\n",
       "      <td>-0.006609</td>\n",
       "      <td>1.000000</td>\n",
       "    </tr>\n",
       "  </tbody>\n",
       "</table>\n",
       "</div>"
      ],
      "text/plain": [
       "              id     cont1     cont2     cont3     cont4     cont5     cont6  \\\n",
       "id      1.000000 -0.001454  0.000574  0.001609  0.002131  0.001959 -0.001971   \n",
       "cont1  -0.001454  1.000000 -0.080170 -0.419712  0.273705 -0.059012  0.698556   \n",
       "cont2   0.000574 -0.080170  1.000000  0.334487 -0.005533  0.150737  0.023692   \n",
       "cont3   0.001609 -0.419712  0.334487  1.000000 -0.329131  0.060931 -0.300509   \n",
       "cont4   0.002131  0.273705 -0.005533 -0.329131  1.000000  0.123526  0.152752   \n",
       "cont5   0.001959 -0.059012  0.150737  0.060931  0.123526  1.000000 -0.179084   \n",
       "cont6  -0.001971  0.698556  0.023692 -0.300509  0.152752 -0.179084  1.000000   \n",
       "cont7  -0.000155  0.341478  0.116222  0.106904 -0.077045 -0.241272  0.541975   \n",
       "cont8   0.002112  0.373340  0.081049 -0.309783  0.324784  0.010438  0.415008   \n",
       "cont9   0.000030  0.794003 -0.046769 -0.406743  0.261927 -0.071764  0.716613   \n",
       "cont10 -0.001652  0.725040  0.035101 -0.289756  0.204139 -0.102531  0.770628   \n",
       "cont11 -0.000484  0.565717  0.126024 -0.075415  0.063961 -0.222244  0.737495   \n",
       "cont12 -0.002075  0.600041  0.092642 -0.103735  0.073291 -0.192571  0.757105   \n",
       "cont13 -0.000577  0.570382  0.017383 -0.386521  0.155226 -0.140272  0.783604   \n",
       "cont14  0.001940  0.067294  0.023972 -0.065457  0.054703  0.040552  0.067007   \n",
       "target  0.001347 -0.032994  0.067102  0.058936  0.005522 -0.005358  0.027955   \n",
       "\n",
       "           cont7     cont8     cont9    cont10    cont11    cont12    cont13  \\\n",
       "id     -0.000155  0.002112  0.000030 -0.001652 -0.000484 -0.002075 -0.000577   \n",
       "cont1   0.341478  0.373340  0.794003  0.725040  0.565717  0.600041  0.570382   \n",
       "cont2   0.116222  0.081049 -0.046769  0.035101  0.126024  0.092642  0.017383   \n",
       "cont3   0.106904 -0.309783 -0.406743 -0.289756 -0.075415 -0.103735 -0.386521   \n",
       "cont4  -0.077045  0.324784  0.261927  0.204139  0.063961  0.073291  0.155226   \n",
       "cont5  -0.241272  0.010438 -0.071764 -0.102531 -0.222244 -0.192571 -0.140272   \n",
       "cont6   0.541975  0.415008  0.716613  0.770628  0.737495  0.757105  0.783604   \n",
       "cont7   1.000000  0.150403  0.341759  0.465418  0.672188  0.657310  0.322415   \n",
       "cont8   0.150403  1.000000  0.429986  0.362336  0.296598  0.323042  0.475072   \n",
       "cont9   0.341759  0.429986  1.000000  0.725053  0.575095  0.605091  0.628391   \n",
       "cont10  0.465418  0.362336  0.725053  1.000000  0.677570  0.701872  0.650809   \n",
       "cont11  0.672188  0.296598  0.575095  0.677570  1.000000  0.825869  0.558546   \n",
       "cont12  0.657310  0.323042  0.605091  0.701872  0.825869  1.000000  0.565462   \n",
       "cont13  0.322415  0.475072  0.628391  0.650809  0.558546  0.565462  1.000000   \n",
       "cont14 -0.037135  0.100645  0.081992  0.047727  0.011074  0.022697  0.103839   \n",
       "target  0.067234  0.014698 -0.013029 -0.021143  0.050996  0.047809 -0.006642   \n",
       "\n",
       "          cont14    target  \n",
       "id      0.001940  0.001347  \n",
       "cont1   0.067294 -0.032994  \n",
       "cont2   0.023972  0.067102  \n",
       "cont3  -0.065457  0.058936  \n",
       "cont4   0.054703  0.005522  \n",
       "cont5   0.040552 -0.005358  \n",
       "cont6   0.067007  0.027955  \n",
       "cont7  -0.037135  0.067234  \n",
       "cont8   0.100645  0.014698  \n",
       "cont9   0.081992 -0.013029  \n",
       "cont10  0.047727 -0.021143  \n",
       "cont11  0.011074  0.050996  \n",
       "cont12  0.022697  0.047809  \n",
       "cont13  0.103839 -0.006642  \n",
       "cont14  1.000000 -0.006609  \n",
       "target -0.006609  1.000000  "
      ]
     },
     "execution_count": 6,
     "metadata": {},
     "output_type": "execute_result"
    }
   ],
   "source": [
    "train.corr()"
   ]
  },
  {
   "cell_type": "code",
   "execution_count": 7,
   "metadata": {
    "execution": {
     "iopub.execute_input": "2021-01-25T09:12:55.178659Z",
     "iopub.status.busy": "2021-01-25T09:12:55.177517Z",
     "iopub.status.idle": "2021-01-25T09:12:55.202529Z",
     "shell.execute_reply": "2021-01-25T09:12:55.201654Z"
    },
    "papermill": {
     "duration": 0.053963,
     "end_time": "2021-01-25T09:12:55.202653",
     "exception": false,
     "start_time": "2021-01-25T09:12:55.148690",
     "status": "completed"
    },
    "tags": []
   },
   "outputs": [
    {
     "name": "stdout",
     "output_type": "stream",
     "text": [
      "<class 'pandas.core.frame.DataFrame'>\n",
      "RangeIndex: 300000 entries, 0 to 299999\n",
      "Data columns (total 16 columns):\n",
      " #   Column  Non-Null Count   Dtype  \n",
      "---  ------  --------------   -----  \n",
      " 0   id      300000 non-null  int64  \n",
      " 1   cont1   300000 non-null  float64\n",
      " 2   cont2   300000 non-null  float64\n",
      " 3   cont3   300000 non-null  float64\n",
      " 4   cont4   300000 non-null  float64\n",
      " 5   cont5   300000 non-null  float64\n",
      " 6   cont6   300000 non-null  float64\n",
      " 7   cont7   300000 non-null  float64\n",
      " 8   cont8   300000 non-null  float64\n",
      " 9   cont9   300000 non-null  float64\n",
      " 10  cont10  300000 non-null  float64\n",
      " 11  cont11  300000 non-null  float64\n",
      " 12  cont12  300000 non-null  float64\n",
      " 13  cont13  300000 non-null  float64\n",
      " 14  cont14  300000 non-null  float64\n",
      " 15  target  300000 non-null  float64\n",
      "dtypes: float64(15), int64(1)\n",
      "memory usage: 36.6 MB\n"
     ]
    }
   ],
   "source": [
    "train.info()"
   ]
  },
  {
   "cell_type": "code",
   "execution_count": 8,
   "metadata": {
    "execution": {
     "iopub.execute_input": "2021-01-25T09:12:55.252137Z",
     "iopub.status.busy": "2021-01-25T09:12:55.240946Z",
     "iopub.status.idle": "2021-01-25T09:12:55.485321Z",
     "shell.execute_reply": "2021-01-25T09:12:55.484529Z"
    },
    "papermill": {
     "duration": 0.265948,
     "end_time": "2021-01-25T09:12:55.485448",
     "exception": false,
     "start_time": "2021-01-25T09:12:55.219500",
     "status": "completed"
    },
    "tags": []
   },
   "outputs": [
    {
     "data": {
      "text/html": [
       "<div>\n",
       "<style scoped>\n",
       "    .dataframe tbody tr th:only-of-type {\n",
       "        vertical-align: middle;\n",
       "    }\n",
       "\n",
       "    .dataframe tbody tr th {\n",
       "        vertical-align: top;\n",
       "    }\n",
       "\n",
       "    .dataframe thead th {\n",
       "        text-align: right;\n",
       "    }\n",
       "</style>\n",
       "<table border=\"1\" class=\"dataframe\">\n",
       "  <thead>\n",
       "    <tr style=\"text-align: right;\">\n",
       "      <th></th>\n",
       "      <th>id</th>\n",
       "      <th>cont1</th>\n",
       "      <th>cont2</th>\n",
       "      <th>cont3</th>\n",
       "      <th>cont4</th>\n",
       "      <th>cont5</th>\n",
       "      <th>cont6</th>\n",
       "      <th>cont7</th>\n",
       "      <th>cont8</th>\n",
       "      <th>cont9</th>\n",
       "      <th>cont10</th>\n",
       "      <th>cont11</th>\n",
       "      <th>cont12</th>\n",
       "      <th>cont13</th>\n",
       "      <th>cont14</th>\n",
       "      <th>target</th>\n",
       "    </tr>\n",
       "  </thead>\n",
       "  <tbody>\n",
       "    <tr>\n",
       "      <th>count</th>\n",
       "      <td>300000.000000</td>\n",
       "      <td>300000.000000</td>\n",
       "      <td>300000.000000</td>\n",
       "      <td>300000.000000</td>\n",
       "      <td>300000.000000</td>\n",
       "      <td>300000.000000</td>\n",
       "      <td>300000.000000</td>\n",
       "      <td>300000.000000</td>\n",
       "      <td>300000.000000</td>\n",
       "      <td>300000.000000</td>\n",
       "      <td>300000.000000</td>\n",
       "      <td>300000.000000</td>\n",
       "      <td>300000.000000</td>\n",
       "      <td>300000.000000</td>\n",
       "      <td>300000.000000</td>\n",
       "      <td>300000.000000</td>\n",
       "    </tr>\n",
       "    <tr>\n",
       "      <th>mean</th>\n",
       "      <td>249825.145857</td>\n",
       "      <td>0.506873</td>\n",
       "      <td>0.497898</td>\n",
       "      <td>0.521557</td>\n",
       "      <td>0.515683</td>\n",
       "      <td>0.502022</td>\n",
       "      <td>0.526515</td>\n",
       "      <td>0.487890</td>\n",
       "      <td>0.525163</td>\n",
       "      <td>0.459857</td>\n",
       "      <td>0.520532</td>\n",
       "      <td>0.483926</td>\n",
       "      <td>0.506877</td>\n",
       "      <td>0.553442</td>\n",
       "      <td>0.503713</td>\n",
       "      <td>7.905661</td>\n",
       "    </tr>\n",
       "    <tr>\n",
       "      <th>std</th>\n",
       "      <td>144476.732562</td>\n",
       "      <td>0.203976</td>\n",
       "      <td>0.228159</td>\n",
       "      <td>0.200770</td>\n",
       "      <td>0.233035</td>\n",
       "      <td>0.220701</td>\n",
       "      <td>0.217909</td>\n",
       "      <td>0.181096</td>\n",
       "      <td>0.216221</td>\n",
       "      <td>0.196685</td>\n",
       "      <td>0.201854</td>\n",
       "      <td>0.220082</td>\n",
       "      <td>0.218947</td>\n",
       "      <td>0.229730</td>\n",
       "      <td>0.208238</td>\n",
       "      <td>0.733071</td>\n",
       "    </tr>\n",
       "    <tr>\n",
       "      <th>min</th>\n",
       "      <td>1.000000</td>\n",
       "      <td>-0.082263</td>\n",
       "      <td>-0.031397</td>\n",
       "      <td>0.020967</td>\n",
       "      <td>0.152761</td>\n",
       "      <td>0.276377</td>\n",
       "      <td>0.066166</td>\n",
       "      <td>-0.097666</td>\n",
       "      <td>0.217260</td>\n",
       "      <td>-0.240604</td>\n",
       "      <td>-0.085046</td>\n",
       "      <td>0.083277</td>\n",
       "      <td>0.088635</td>\n",
       "      <td>0.029950</td>\n",
       "      <td>0.166367</td>\n",
       "      <td>0.000000</td>\n",
       "    </tr>\n",
       "    <tr>\n",
       "      <th>25%</th>\n",
       "      <td>124656.500000</td>\n",
       "      <td>0.343078</td>\n",
       "      <td>0.319170</td>\n",
       "      <td>0.344096</td>\n",
       "      <td>0.294935</td>\n",
       "      <td>0.284108</td>\n",
       "      <td>0.356163</td>\n",
       "      <td>0.346600</td>\n",
       "      <td>0.341486</td>\n",
       "      <td>0.330832</td>\n",
       "      <td>0.375465</td>\n",
       "      <td>0.300474</td>\n",
       "      <td>0.310166</td>\n",
       "      <td>0.350472</td>\n",
       "      <td>0.308673</td>\n",
       "      <td>7.329367</td>\n",
       "    </tr>\n",
       "    <tr>\n",
       "      <th>50%</th>\n",
       "      <td>249738.500000</td>\n",
       "      <td>0.484005</td>\n",
       "      <td>0.553209</td>\n",
       "      <td>0.551471</td>\n",
       "      <td>0.482880</td>\n",
       "      <td>0.451733</td>\n",
       "      <td>0.470988</td>\n",
       "      <td>0.466825</td>\n",
       "      <td>0.483460</td>\n",
       "      <td>0.416843</td>\n",
       "      <td>0.458877</td>\n",
       "      <td>0.441916</td>\n",
       "      <td>0.486599</td>\n",
       "      <td>0.487707</td>\n",
       "      <td>0.431845</td>\n",
       "      <td>7.940571</td>\n",
       "    </tr>\n",
       "    <tr>\n",
       "      <th>75%</th>\n",
       "      <td>374836.250000</td>\n",
       "      <td>0.643789</td>\n",
       "      <td>0.731263</td>\n",
       "      <td>0.648315</td>\n",
       "      <td>0.748705</td>\n",
       "      <td>0.670660</td>\n",
       "      <td>0.694043</td>\n",
       "      <td>0.581292</td>\n",
       "      <td>0.685250</td>\n",
       "      <td>0.575041</td>\n",
       "      <td>0.700292</td>\n",
       "      <td>0.679128</td>\n",
       "      <td>0.694453</td>\n",
       "      <td>0.768479</td>\n",
       "      <td>0.712653</td>\n",
       "      <td>8.470084</td>\n",
       "    </tr>\n",
       "    <tr>\n",
       "      <th>max</th>\n",
       "      <td>499999.000000</td>\n",
       "      <td>1.016227</td>\n",
       "      <td>0.859697</td>\n",
       "      <td>1.006955</td>\n",
       "      <td>1.010402</td>\n",
       "      <td>1.034261</td>\n",
       "      <td>1.043858</td>\n",
       "      <td>1.066167</td>\n",
       "      <td>1.024427</td>\n",
       "      <td>1.004114</td>\n",
       "      <td>1.199951</td>\n",
       "      <td>1.022620</td>\n",
       "      <td>1.049025</td>\n",
       "      <td>0.977845</td>\n",
       "      <td>0.868506</td>\n",
       "      <td>10.267569</td>\n",
       "    </tr>\n",
       "  </tbody>\n",
       "</table>\n",
       "</div>"
      ],
      "text/plain": [
       "                  id          cont1          cont2          cont3  \\\n",
       "count  300000.000000  300000.000000  300000.000000  300000.000000   \n",
       "mean   249825.145857       0.506873       0.497898       0.521557   \n",
       "std    144476.732562       0.203976       0.228159       0.200770   \n",
       "min         1.000000      -0.082263      -0.031397       0.020967   \n",
       "25%    124656.500000       0.343078       0.319170       0.344096   \n",
       "50%    249738.500000       0.484005       0.553209       0.551471   \n",
       "75%    374836.250000       0.643789       0.731263       0.648315   \n",
       "max    499999.000000       1.016227       0.859697       1.006955   \n",
       "\n",
       "               cont4          cont5          cont6          cont7  \\\n",
       "count  300000.000000  300000.000000  300000.000000  300000.000000   \n",
       "mean        0.515683       0.502022       0.526515       0.487890   \n",
       "std         0.233035       0.220701       0.217909       0.181096   \n",
       "min         0.152761       0.276377       0.066166      -0.097666   \n",
       "25%         0.294935       0.284108       0.356163       0.346600   \n",
       "50%         0.482880       0.451733       0.470988       0.466825   \n",
       "75%         0.748705       0.670660       0.694043       0.581292   \n",
       "max         1.010402       1.034261       1.043858       1.066167   \n",
       "\n",
       "               cont8          cont9         cont10         cont11  \\\n",
       "count  300000.000000  300000.000000  300000.000000  300000.000000   \n",
       "mean        0.525163       0.459857       0.520532       0.483926   \n",
       "std         0.216221       0.196685       0.201854       0.220082   \n",
       "min         0.217260      -0.240604      -0.085046       0.083277   \n",
       "25%         0.341486       0.330832       0.375465       0.300474   \n",
       "50%         0.483460       0.416843       0.458877       0.441916   \n",
       "75%         0.685250       0.575041       0.700292       0.679128   \n",
       "max         1.024427       1.004114       1.199951       1.022620   \n",
       "\n",
       "              cont12         cont13         cont14         target  \n",
       "count  300000.000000  300000.000000  300000.000000  300000.000000  \n",
       "mean        0.506877       0.553442       0.503713       7.905661  \n",
       "std         0.218947       0.229730       0.208238       0.733071  \n",
       "min         0.088635       0.029950       0.166367       0.000000  \n",
       "25%         0.310166       0.350472       0.308673       7.329367  \n",
       "50%         0.486599       0.487707       0.431845       7.940571  \n",
       "75%         0.694453       0.768479       0.712653       8.470084  \n",
       "max         1.049025       0.977845       0.868506      10.267569  "
      ]
     },
     "execution_count": 8,
     "metadata": {},
     "output_type": "execute_result"
    }
   ],
   "source": [
    "train.describe()"
   ]
  },
  {
   "cell_type": "code",
   "execution_count": 9,
   "metadata": {
    "execution": {
     "iopub.execute_input": "2021-01-25T09:12:55.551731Z",
     "iopub.status.busy": "2021-01-25T09:12:55.550511Z",
     "iopub.status.idle": "2021-01-25T09:12:55.706875Z",
     "shell.execute_reply": "2021-01-25T09:12:55.706147Z"
    },
    "papermill": {
     "duration": 0.19514,
     "end_time": "2021-01-25T09:12:55.707020",
     "exception": false,
     "start_time": "2021-01-25T09:12:55.511880",
     "status": "completed"
    },
    "tags": []
   },
   "outputs": [
    {
     "data": {
      "text/html": [
       "<div>\n",
       "<style scoped>\n",
       "    .dataframe tbody tr th:only-of-type {\n",
       "        vertical-align: middle;\n",
       "    }\n",
       "\n",
